* 166 - Longo
	(15 ; 54)
	(7 ; 44)
	(9 ; 52)
	(18 ; 39)
	(18 ; 69)
	(94 ; 40)
	(3 ; 3)
	(5 ; 32)
	(95 ; 68)
	(38 ; 28)
* 194 - Ferri
	(60 ; 36)
	(11 ; 95)
	(97 ; 50)
	(87 ; 93)
	(36 ; 97)
	(51 ; 55)
	(40 ; 18)
	(70 ; 28)
	(79 ; 85)
	(77 ; 81)
* 262 - Rizzi
	(22 ; 59)
	(80 ; 30)
	(19 ; 62)
	(0 ; 33)
	(31 ; 84)
	(75 ; 36)
	(51 ; 96)
	(84 ; 81)
	(40 ; 87)
	(51 ; 50)
* 179 - Rizzo
	(50 ; 86)
	(94 ; 54)
	(61 ; 92)
	(69 ; 91)
	(81 ; 60)
	(71 ; 10)
	(20 ; 32)
	(54 ; 3)
	(13 ; 91)
	(81 ; 44)
* 370 - Guerra
	(51 ; 98)
	(36 ; 31)
	(37 ; 63)
	(15 ; 50)
	(79 ; 99)
	(91 ; 16)
	(18 ; 1)
	(42 ; 75)
	(53 ; 8)
	(99 ; 2)
